690
501
368
400
537
223
68
898
291
616
6
817
416
414
269
397
579
584
119
761
738
944
384
620
902
212
635
759
148
29
440
504
232
540
365
689
121
956
774
371
182
8
695
947
766
620
198
924
498
534
911
473
479
108
602
912
771
364
279
889
435
937
395
640
326
362
903
480
362
783
202
405
5
350
670
290
930
567
887
828
747
229
675
603
440
260
936
709
317
997
883
470
742
691
603
956
337
167
512
176
299
546
784
121
476
486
925
679
367
19
877
419
243
693
252
309
937
39
788
671
161
972
314
581
18
717
239
352
432
937
769
454
895
946
715
614
631
429
161
174
329
317
538
993
349
978
131
832
273
129
509
2
866
508
899
240
383
169
399
456
736
552
56
95
956
949
541
695
532
557
501
31
650
356
72
0
69
303
261
183
739
186
615
145
537
819
893
728
823
480
168
937
258
954
439
828
81
184
196
947
717
63
980
932
253
137
994
864
354
958
238
689
228
142
913
736
929
872
950
186
721
333
748
71
126
375
339
440
312
70
523
202
134
901
482
676
762
790
906
331
799
194
611
51
560
442
283
934
639
541
634
770
844
115
937
481
5
206
834
279
75
262
253
739
460
928
717
330
571
445
760
657
126
124
659
223
34
147
777
95
359
183
937
216
645
221
615
39
383
108
1000
918
315
99
366
521
947
183
213
990
594
448
697
692
404
67
88
762
672
429
802
707
107
44
208
923
693
24
482
314
51
587
113
340
498
553
814
384
384
430
725
788
556
522
175
263
322
873
158
162
39
338
329
991
873
307
733
240
311
561
73
87
650
318
531
725
548
389
468
971
153
226
435
485
656
283
381
441
228
780
11
959
55
239
552
21
432
511
670
254
131
433
554
695
978
782
760
982
639
175
773
12
770
683
994
190
872
84
598
550
734
281
25
586
487
402
579
447
114
6
674
820
91
925
631
387
405
666
514
668
583
510
539
105
467
555
307
752
820
193
946
680
88
251
215
190
241
588
358
307
984
834
752
366
886
8
126
231
468
480
521
504
909
434
108
245
338
871
845
962
512
785
907
298
253
509
629
942
537
978
434
298
36
376
160
787
221
11
732
918
696
789
846
794
135
525
586
803
500
832
919
873
680
376
563
57
348
354
771
489
679
100
854
557
410
172
590
579
268
972
644
879
991
571
899
491
23
863
389
468
90
683
429
784
520
975
329
362
583
385
953
141
364
773
727
408
571
718
983
403
414
671
727
297
823
367
155
537
784
626
532
74
650
383
531
391
326
298
681
168
413
948
472
863
947
100
470
699
404
838
382
940
822
743
409
275
707
959
442
767
787
569
931
916
223
99
348
253
241
795
459
876
240
192
694
843
956
71
848
410
745
54
488
666
944
501
298
566
128
253
283
158
226
649
834
940
228
343
723
11
142
420
54
993
522
894
766
639
652
865
21
402
351
617
277
350
913
635
635
391
852
35
857
376
760
634
680
992
543
456
762
730
520
723
385
127
452
238
748
819
322
717
116
480
450
75
461
253
996
42
629
460
255
248
991
976
850
218
620
562
726
611
572
942
778
550
881
741
939
479
217
700
148
969
399
79
833
705
925
498
814
772
972
732
932
434
695
101
361
10
123
924
350
257
195
942
900
101
747
83
192
526
864
961
0
324
180
642
842
66
252
897
904
398
719
601
983
588
473
918
187
895
64
967
823
754
391
102
358
734
258
971
157
22
393
940
460
305
845
166
386
777
648
669
144
405
682
139
7
833
657
145
769
346
986
440
391
277
935
814
744
865
216
692
272
264
258
832
173
120
962
578
839
985
656
225
787
630
18
5
247
377
24
945
848
181
38
371
993
575
531
978
221
467
604
515
386
706
234
424
344
514
797
993
345
71
444
770
29
534
233
66
255
861
904
615
169
568
481
299
964
129
691
61
318
591
513
664
894
516
222
108
420
281
761
390
389
223
4
921
771
738
579
849
456
864
526
147
361
46
101
46
339
33
567
413
759
92
3
255
38
81
454
50
849
810
37
30
970
35
703
256
681
70
320
705
358
224
333
446
907
156
376
260
194
859
887
919
122
194
999
814
761
376
508
33
739
883
818
822
597
807
18
1000
706
552
585
688
364
427
495
79
485
407
192
299
234
77
47
473
426
356
792
281
697
425
523
540
273
967
214
449
929
539
194
933
821
676
259
562
329
98
707
934
702
946
604
427
684
929
29
563
385
857
201
126
584
852
19
577
952
86
95
396
991
440
728
820
803
66
342
5
493
234
288
434
679
490
997
341
